
000162828026017851
000119312526106682
000119312526106681
000119312526106680
000184918126000001
000187277226000002
000146280826000001
000129419226000001
000124684226000001
000196908226000003
000180066826000001
000092189526000689
000195917326002328
000195917326002327
000197337926000112
000197337926000111
000197337926000110
000197337926000109
000197337926000108
000197337926000107
000197337926000106
000195917326002326
000094787126000246
000195917326002325
000197337926000105
000126310526000002
000197337926000104
000197337926000103
000195004726002602
000197337926000102
000195917326002324
000195917326002323
000195917326002322
000195917326002321
000195917326002320
000196922326000348
000162828026017762
000196430626000173
000195824426000143
000195917326002319
000196430626000172
000195917326002318
000162828026017745
000195917326002317
000195004726002600
000195004726002599
000162828026017742
000162828026017740
000195004726002598
000195004726002597
000110465926027859
000197640826000125
000197640826000123
000197337926000113
000195917326002329
000194984626000177
000162828026017948
000162828026017947
000162828026017946
000197005126000009
000197005126000008
000197005126000007
000197005126000006
000195917326002335
000195917326002334
000195917326002333
000195917326002332
000195917326002331
000195917326002330
000197407826000113
000196530126000035
000195917326002346
000195917326002345
000195917326002344
000195917326002343
000195917326002342
000195917326002341
000194984626000178
000195917326002340
000195917326002339
000195917326002338
000195917326002337
000195917326002336
000178954326000004
000195779926000037
000195917326002348
000197337926000114
000195917326002347
000162828026018030
000195779926000036
000195779926000035
000195917326002350
000169556626000003
000196922326000349
000195917326002349
000076490026000012
000195917326002370
000195917326002369
000195917326002368
000195917326002367
000195917326002366
000195917326002365
000195917326002364
000195917326002363
000195917326002362
000195917326002361
000195917326002360
000195917326002359
000195917326002358
000195917326002357
000195917326002356
000195917326002355
000195917326002354
000195917326002353
000195917326002352
000076490026000014
000162828026018087
000195917326002351
000162828026018080
000196922326000350
